precisions=0.13663911845730028
recall=0.2177348551360843
f1=0.16790792146242384
NDCG=0.021896037830785545
Coverage=0.0605815831987
novelty=0.48234292703160003